561
9
1058
1074
1086
1103
1090
32
1088
1072
1081
1086
1085
32
1077
32
1087
1086
1076
1083
1086
1078
1077
1085
32
1085
1072
32
1074
1098
1079
1076
1091
1096
1085
1072
32
1072
1090
1072
1082
1072
32
33
13
10
13
10
1053
1072
1087
1072
1076
1072
1090
32
1074
1080
32
1080
1079
1090
1088
1077
1073
1080
1090
1077
1083
1080
44
32
1082
1086
1080
1090
1086
32
1089
1077
32
1086
1087
1080
1090
1074
1072
1090
32
1076
1072
32
1091
1085
1080
1097
1086
1078
1072
1090
32
1073
1072
1079
1072
1090
1072
32
13
10
1074
1080
46
32
1057
1083
1077
1076
32
1080
1079
1090
1088
1077
1073
1080
1090
1077
1083
1080
1090
1077
32
1080
1076
1074
1072
32
1080
32
1090
1077
1078
1098
1082
32
1073
1086
1084
1073
1072
1088
1076
1080
1088
1086
1074
1072
1095
44
32
1082
1086
1081
1090
1086
13
10
1084
1086
1078
1077
32
1076
1072
32
1091
1085
1080
1097
1086
1078
1080
32
1094
1077
1083
1080
1103
32
1075
1088
1072
1076
46
32
1058
1088
1103
1073
1074
1072
32
1076
1072
32
1075
1086
32
1091
1085
1080
1097
1086
1078
1080
1096
44
32
1079
1072
32
1076
1072
13
10
1089
1087
1072
1089
1080
1096
32
1074
1089
1080
1095
1082
1080
46
13
10
13
10
1059
1087
1088
1072
1074
1083
1103
1074
1072
1096
32
1089
1098
1089
32
1089
1090
1088
1077
1083
1082
1080
1090
1077
44
32
1089
1090
1088
1077
1083
1103
1096
32
1089
1098
1089
32
83
80
65
67
69
44
32
1082
1086
1075
1072
1090
1086
32
1089
1080
32
1074
32
13
10
1079
1072
1074
1086
1081
32
1084
1091
1085
1080
1094
1080
1080
1090
1077
32
1089
1083
1077
1076
1074
1072
1090
32
1090
1088
1072
1077
1082
1090
1086
1088
1080
1103
1090
1072
32
1090
1080
46
32
1057
1084
1077
1085
1103
1096
32
1086
1088
1098
1078
1080
1103
1090
1072
13
10
1089
32
49
44
32
50
32
1080
32
51
44
32
1085
1086
32
1089
1072
1084
1086
32
1082
1086
1075
1072
1090
1086
32
1089
1080
32
1086
1090
1082
1088
1080
1083
32
1089
1098
1086
1090
1074
1077
1090
1085
1086
1090
1086
32
1086
1088
1098
1078
1080
1077
46
32
1047
1072
13
10
1076
1072
32
1089
1090
1088
1077
1083
1103
1096
32
1089
32
1088
1072
1082
1077
1090
1080
44
32
1090
1088
1103
1073
1074
1072
32
1076
1072
32
1075
1080
32
1080
1084
1072
1096
46
32
13
10
13
10
1050
1086
1075
1072
1090
1086
32
1091
1073
1080
1077
1096
32
1074
1088
1072
1075
44
32
1086
1090
32
1085
1077
1075
1086
32
1084
1086
1078
1077
32
1076
1072
32
1080
1079
1087
1072
1076
1085
1077
32
1073
1086
1085
1091
1089
32
45
32
1085
1086
1074
1086
32
1086
1088
1098
1078
1080
1077
44
13
10
1088
1077
1084
1086
1085
1090
1077
1085
32
1082
1086
1084
1087
1083
1077
1082
1090
32
1080
1083
1080
32
1097
1080
1090
46
32
13
10
13
10
0
